	shannon	simpson	chao1	PD_whole_tree
SRR040576	7.15635145313	0.975306	709.863013699	20.56366
SRR040577	5.18777809116	0.9365485	364.433333333	8.82283
SRR040578	4.92997201483	0.9323175	249.071428571	7.98181
SRR040579	7.75056781357	0.9914995	663.333333333	19.24736
SRR040580	7.42674970325	0.987967	722.507042254	14.67034
SRR040581	5.77152383927	0.95924	304.5	10.61533
SRR040582	6.73920574246	0.9806365	416.125	10.5552
SRR040583	7.58331311788	0.9889915	670.649350649	17.1534
SRR040584	5.47896169604	0.9604955	258.473684211	7.32299
SRR040585	7.70995849638	0.9907015	724.777777778	16.89949
SRR040586	6.03604956323	0.969041	272.24137931	6.24498
SRR040587	7.91764748813	0.9897545	912.116504854	23.42707
SRR040588	5.00791413039	0.937551	194.0	7.15633
SRR040589	7.56528334169	0.9889255	656.630136986	15.8063
SRR040590	6.85765324667	0.976973	747.560606061	19.76474
SRR040591	3.44202316001	0.7415675	155.5	4.32485
SRR040592	5.34836147889	0.9588075	197.0	4.82666
SRR040593	5.96647567423	0.9667915	314.652173913	8.01359
SRR040594	5.45772060455	0.95828	186.555555556	6.18891
SRR040595	6.78156430279	0.979531	448.158730159	13.53612
SRR040597	7.66131025108	0.9914785	669.75	16.50152
SRR040598	6.36245419328	0.971591	617.117647059	17.13489
SRR040599	7.56698221501	0.9896635	801.022727273	16.08109
SRR040600	7.623220394	0.99008	708.0	16.35487
SRR040601	5.3124770828	0.9578275	115.272727273	3.983
SRR040602	4.69810067412	0.9315095	135.333333333	5.23926
SRR040603	7.22022552698	0.985014	618.01754386	15.84962
SRR040604	7.68921056921	0.989607	825.571428571	21.91664
SRR040605	3.74605953179	0.810406	108.909090909	3.35354
SRR040606	5.95788292225	0.967843	263.322580645	7.17018
SRR040607	4.7370187495	0.9335715	158.25	5.96497
SRR040608	6.14734416877	0.9732165	276.46875	7.90002
SRR040609	7.01031277641	0.978697	793.424242424	20.66961
SRR040610	4.68748027106	0.9241145	203.083333333	6.14548
SRR040611	4.17915668378	0.9156885	89.1	7.88948
SRR040612	5.23033742034	0.938778	302.529411765	9.39213
SRR040613	5.68071674649	0.9514895	289.12	7.52328
SRR040614	3.82660184434	0.895161	77.0	7.50823
SRR040615	5.81775945331	0.96569	265.615384615	5.97095
SRR040616	5.70120834218	0.9620915	442.285714286	11.00505
SRR040617	6.85767768498	0.9835975	414.895833333	10.69281
SRR040618	5.33590428924	0.937551	294.0625	9.77799
SRR040619	4.79007192003	0.9284125	122.166666667	3.80788
SRR040621	5.90520735911	0.9703565	310.0	10.06893
SRR040622	5.97359461602	0.96435	304.28125	8.55078
SRR040623	3.84870187942	0.894994	91.2727272727	8.44673
SRR040624	5.68794245348	0.9596395	225.0	6.19074
SRR040625	5.32574868934	0.9577105	141.909090909	4.29256
SRR040626	5.61704030194	0.961846	240.24137931	6.75604
SRR040627	7.64800082476	0.989642	726.863013699	16.67575
SRR040628	5.64194799394	0.965052	353.615384615	10.01016
SRR040629	7.39006054083	0.9822395	712.568181818	18.21479
SRR040630	6.8448013529	0.978354	518.630434783	13.44178
SRR040631	6.68763772174	0.9790835	502.734693878	12.56205
SRR040632	7.89987197275	0.9909	769.981132075	19.91367
SRR040633	6.62484199181	0.976836	373.0	12.65489
SRR040634	7.64173357653	0.991172	681.083333333	17.51681
SRR040635	5.21198643534	0.955753	150.6	5.13783
SRR040636	7.7215475887	0.988459	703.78125	17.1531
SRR040637	4.62212617982	0.912192	137.157894737	5.92183
SRR040638	7.94071554569	0.99235	700.779069767	18.24383
SRR040639	5.38208627591	0.958468	245.230769231	9.27856
SRR040641	6.56562667686	0.9760755	525.243243243	13.67331
SRR040642	6.10264554431	0.9695855	356.25	11.23216
SRR040643	5.39130675599	0.959799	271.428571429	6.81127
SRR040644	6.81748698589	0.9775675	510.666666667	14.68638
SRR040645	5.75307613281	0.9641425	378.666666667	10.28
SRR040646	7.93726531389	0.9914555	932.441176471	23.57478
SRR040647	3.88554382322	0.901189	80.5	7.51122
SRR040648	4.56341672055	0.9187335	137.625	5.10266
SRR040649	5.16313843598	0.9490985	249.142857143	7.31519
SRR040650	8.10297036595	0.9930675	837.990566038	19.70881
SRR040651	3.78797574379	0.817602	91.4	2.53402
SRR040653	5.66091629078	0.952498	317.956521739	10.46126
SRR040654	7.63551530908	0.9874235	762.383561644	16.66989
SRR040655	4.99167318004	0.9264015	132.230769231	5.64352
SRR040656	7.34250427478	0.9876115	669.142857143	13.78776
SRR040657	7.55391501331	0.9889195	722.438356164	17.0925
SRR040658	7.9256962261	0.9891465	931.662650602	21.80845
SRR040659	6.8629361236	0.981189	814.272727273	18.40674
SRR040660	7.95270393302	0.991484	909.479166667	22.34367
SRR040661	7.15769242491	0.9852765	550.266666667	13.9307
SRR040662	3.64324737378	0.806057	156.75	2.32758
SRR040663	7.82195486989	0.99273	785.375	19.17711
SRR040664	6.67275679735	0.979008	555.47826087	13.17935
SRR040665	3.73758862969	0.8075245	108.235294118	2.98864
SRR040667	4.65534821072	0.9132055	123.25	3.72123
SRR040668	5.90327629195	0.9244365	580.552631579	13.05545
SRR040669	4.60604188123	0.9087755	144.0	4.47944
SRR040670	7.66211631481	0.990469	745.0	17.5892
SRR040671	5.94272679225	0.926046	505.769230769	13.288
SRR040672	7.18099435916	0.9834805	639.873015873	16.58643
SRR040673	5.34043755526	0.9597785	118.230769231	4.38654
SRR040674	5.19995737302	0.9556785	164.428571429	5.63032
SRR040675	5.34004342284	0.9574205	238.363636364	9.10028
SRR040676	5.03839742098	0.9298805	269.615384615	7.52387
SRR040677	7.42786245341	0.98258	694.8	18.66753
SRR040678	5.51749127065	0.960146	290.538461538	10.24605
SRR040679	7.63775267937	0.9882445	686.48	16.89465
SRR040680	4.18040857053	0.9151265	99.5454545455	8.35365
SRR040681	3.71625013751	0.777794	166.571428571	6.07474
SRR040682	5.95681586604	0.96866	320.833333333	11.06034
SRR040683	5.35416592629	0.9526345	253.84	9.82329
SRR040684	5.49107595347	0.9373105	291.081081081	7.87327
SRR040685	4.84340967383	0.927529	146.176470588	5.05297
SRR040686	7.63965711863	0.989482	827.077922078	17.71301
SRR040687	3.76752445512	0.815459	116.058823529	3.22052
SRR040688	5.231937228	0.94319	166.052631579	7.56263
SRR040689	6.12785879498	0.9718985	300.0	8.40697
SRR040692	5.67375502609	0.951296	299.625	6.23373
SRR040693	7.8203507021	0.991807	696.975903614	17.23828
SRR040694	8.42136167764	0.994957	913.893203883	21.47605
SRR040695	7.13091594935	0.9874685	456.566037736	12.66839
SRR040696	7.59612082341	0.9881515	684.444444444	15.15987
SRR040697	5.81086534158	0.971327	203.714285714	7.01944
SRR040698	7.07598939996	0.977131	736.708333333	19.9434
SRR040699	8.30167937148	0.994465	795.857142857	22.73223
SRR040700	8.43202774346	0.9941535	897.87804878	22.97576
SRR040701	8.57120330058	0.9952125	877.225806452	22.32499
SRR040702	5.66718657918	0.965975	207.25	8.23549
SRR040703	6.3527052709	0.971647	585.133333333	14.54787
SRR040704	7.76821963516	0.9902005	795.481481481	18.38895
SRR040705	7.45674204757	0.9785615	793.530120482	19.14205
SRR040707	4.77008496647	0.922451	126.375	4.61242
SRR040708	6.95375393009	0.987165	368.65	8.15422
SRR040709	7.5482481149	0.9873895	785.696202532	18.99099
SRR040710	7.99329863415	0.9926845	836.450549451	19.56625
SRR040711	8.71654388073	0.995794	1019.27272727	25.83034
SRR040712	7.17673220683	0.9871335	612.238095238	15.67947
SRR040713	5.25967200285	0.94141	217.526315789	8.20188
SRR040714	5.04103654327	0.9300965	118.0	4.85202
SRR040715	4.13601335343	0.9159855	148.896551724	6.1656
SRR040716	8.04411336731	0.992845	744.142857143	18.89802
SRR040717	6.40621597493	0.9812275	554.545454545	11.11262
SRR040718	6.18956111233	0.979519	260.047619048	6.33425
SRR040719	7.95711550514	0.989731	1008.63392857	24.35985
SRR040720	7.629437879	0.9909005	717.438356164	18.73525
SRR040721	7.26257174654	0.985888	532.136986301	13.79464
SRR040722	8.08770349947	0.992962	839.76	21.51105
SRR040723	7.24441459156	0.9853165	492.875	12.47815
SRR040724	6.30307748649	0.9540925	445.163934426	12.74188
SRR040725	8.04781392149	0.9890105	794.129310345	20.75942
SRR040726	7.59513890346	0.988791	622.0	16.91564
SRR040727	8.33672555892	0.9948555	799.25	17.13193
SRR040728	7.48828336067	0.9899945	780.2	17.8935
SRR040729	5.04582775487	0.9427115	150.176470588	6.18849
SRR040730	8.30085162081	0.993705	908.508064516	20.30592
SRR040731	8.06227906586	0.991437	1119.44329897	22.19629
SRR040732	6.8327869624	0.980948	787.282608696	17.41301
SRR040733	8.25674125382	0.992241	830.125	21.7002
SRR040734	5.01973164326	0.938806	219.555555556	7.58096
SRR040735	6.12002443024	0.9787575	263.333333333	6.70025
SRR040736	5.40841405872	0.943824	183.1	9.52104
SRR040737	7.96253297851	0.9917285	766.569767442	19.34102
SRR040738	7.32291377288	0.988704	500.6875	13.72914
SRR040739	8.23985059093	0.992981	833.696428571	20.41335
SRR040741	7.79215603132	0.991787	739.0	16.65347
SRR040742	8.38501354849	0.9947955	731.940677966	20.39319
SRR040743	7.95765354757	0.991493	746.142857143	21.44731
SRR040744	3.66660886656	0.899255	116.375	2.34221
SRR040745	6.35215787899	0.971766	705.526315789	17.07369
SRR040746	7.43751036835	0.9838585	934.72826087	22.95997
SRR040747	4.99044064703	0.924344	161.0	7.4533
SRR040748	5.40032131463	0.956771	333.090909091	7.83935
SRR040749	8.23267638049	0.9941405	899.139534884	19.13372
SRR040750	8.01010244575	0.986275	855.815789474	20.65214
SRR040751	7.60706807573	0.989522	722.808823529	21.63899
SRR040752	7.93213635176	0.9925335	772.554054054	18.05004
SRR040753	6.2640287228	0.967335	411.107142857	11.33487
SRR040754	7.73630700373	0.9899335	771.872727273	16.2869
SRR040755	7.49514810958	0.987812	747.697368421	16.94006
SRR040756	3.89130740657	0.824992	154.75	4.77724
SRR040757	3.70269218335	0.78893	145.769230769	6.16657
SRR040758	8.4210920653	0.9952885	830.28	20.80396
SRR040759	7.46410801037	0.986429	639.263888889	15.59952
SRR040760	6.39844808792	0.9798045	393.96875	11.73889
SRR040761	6.66065577456	0.979284	481.666666667	12.82702
SRR040762	7.2604287436	0.982781	494.137931034	13.77347
SRR040763	7.80067961527	0.9922475	682.065217391	18.41207
SRR040764	7.93750352574	0.9914	835.339622642	19.76688
SRR040765	8.69076943614	0.995834	1016.02325581	24.44662
SRR040766	7.72314902782	0.992151	666.540540541	17.4142
SRR040767	8.33658993167	0.994434	823.805309735	19.19782
SRR040768	5.60204324384	0.9429395	309.75	9.35082
SRR040769	4.75553804869	0.931534	156.928571429	4.59934
SRR040770	7.23055948009	0.9837565	725.149253731	17.08957
SRR040771	8.46840337157	0.9942905	868.545454545	21.57469
SRR040772	7.66039191064	0.991026	784.524590164	19.11669
SRR040773	8.44941256049	0.9953595	854.467889908	21.90227
SRR040775	7.65791254563	0.989885	659.738636364	19.66777
SRR040776	7.36705846818	0.9815235	593.461538462	16.19412
SRR040777	8.27570403663	0.993473	793.132743363	20.86466
SRR040778	6.95471058708	0.970106	660.203125	19.80056
SRR040779	7.22026748334	0.98472	679.018518519	15.35873
SRR040780	6.10017386684	0.968008	322.625	12.43788
SRR040781	7.76517650868	0.9891915	779.760869565	18.0116
SRR040782	7.87382640925	0.9931915	685.538461538	19.30747
SRR040783	7.64685134246	0.9892105	1047.49315068	21.31306
SRR040784	7.2448232912	0.982923	615.78125	16.12271
SRR040785	3.50769147096	0.762297	147.0	5.0458
SRR040786	7.94667985183	0.9898645	863.494845361	22.64504
SRR040787	7.18714706216	0.9851705	619.564516129	17.20318
SRR040788	5.91947560416	0.976331	231.4375	7.66537
SRR040789	5.34892169105	0.9577865	197.833333333	7.45084
SRR040790	6.22962154721	0.9792955	252.75	8.00862
SRR040791	7.84160896535	0.9862475	833.119047619	17.93387
SRR040792	3.90545485379	0.898468	128.090909091	9.58537
SRR040793	6.58782949838	0.981081	611.571428571	13.39807
SRR040794	8.51053023704	0.9946795	1023.25663717	25.37541
SRR040795	8.37867763707	0.9940575	916.254545455	22.50541
SRR040796	4.05005060172	0.9148645	196.4	5.99808
SRR040797	7.95986597239	0.991335	827.409090909	23.55684
SRR040843	7.48012920119	0.975556	895.535714286	20.31485
SRR040844	7.57039283608	0.9840995	730.879518072	18.32542
SRR040845	7.54235977108	0.989994	637.714285714	17.6923
SRR040846	6.71859030307	0.9784225	413.42	11.16204
SRR040847	8.61240522664	0.996044	942.852173913	20.45641
SRR040848	8.59133006108	0.99611	854.11627907	22.2517
SRR040849	7.90690729294	0.991532	700.029411765	18.87975
SRR040850	7.99423538286	0.993079	738.10989011	19.8678
SRR040851	7.34881157404	0.9859395	689.417910448	17.3586
SRR040852	8.10952421529	0.989737	743.87704918	17.7958
SRR040853	8.01277805909	0.991466	1004.80487805	22.34229
SRR040855	7.83506797193	0.990155	709.811111111	17.66427
SRR040856	8.30291031725	0.9907125	1002.024	23.3685
SRR040857	7.46001459731	0.9888705	695.0	16.01497
SRR040858	7.95507965577	0.99036	1096.92307692	22.8969
SRR040859	8.24833174268	0.993031	780.357142857	20.07232
SRR040860	6.63681562425	0.9796425	863.459459459	14.17632
SRR040861	7.15500445755	0.984522	583.62	15.48844
SRR040862	8.34424588351	0.994731	888.791304348	23.73063
SRR040863	7.36872468138	0.981879	712.278481013	16.69808
SRR040864	8.13715841414	0.993893	672.364485981	20.70597
SRR040865	7.98706595306	0.99175	769.217821782	16.50785
SRR040866	7.15826698182	0.9777435	819.838709677	17.36111
SRR040867	7.75351131379	0.9918245	853.058823529	17.41759
SRR040868	8.01141186091	0.986599	1001.77227723	24.21086
SRR040869	2.51469681664	0.769376	66.25	2.61429
SRR040870	6.62891154622	0.9838955	416.137931034	8.48517
SRR040871	8.20462319484	0.994081	874.558823529	21.82332
SRR040872	6.0064815608	0.9755165	470.588235294	11.80572
SRR040873	7.27532465567	0.9853605	597.795180723	14.23161
SRR040874	7.62156045073	0.9856585	682.655172414	16.38162
SRR040875	7.3228588516	0.9885	453.957746479	16.79547
SRR040876	2.5681912	0.7634595	136.111111111	4.27996
SRR040878	8.21836719677	0.993865	957.441176471	21.1373
SRR040879	8.11765258564	0.9933265	769.739130435	17.64231
SRR040880	6.71381670942	0.9825125	452.115384615	12.05233
SRR040881	8.41922563586	0.994891	908.060344828	23.63008
SRR040882	8.5325522643	0.9954805	884.007518797	22.83985
SRR040883	6.07082680568	0.9764245	523.772727273	11.83257
SRR040884	7.49495786941	0.9861545	814.739130435	18.14964
SRR040885	5.65542716242	0.948564	565.37037037	13.29367
SRR040886	7.49448271251	0.989621	1065.0	21.8019
SRR040887	8.36613170996	0.9931465	835.5	22.61633
SRR040888	8.20340033733	0.9891625	1125.85714286	24.55396
SRR040889	3.09215073416	0.8129715	112.789473684	5.2189
SRR040890	7.68087816507	0.987451	773.159574468	19.13615
SRR040891	8.29622564171	0.991866	851.85840708	18.8789
SRR040892	5.88351199114	0.9421635	406.085714286	10.39878
SRR040893	6.54946717807	0.9801515	811.243902439	18.35545
SRR040894	7.82329426739	0.9874325	982.692307692	20.75527
SRR040895	6.67747521025	0.9771185	580.641791045	15.63909
SRR040896	6.03655614085	0.974466	492.545454545	11.50877
SRR040897	7.31115224648	0.9720785	709.887640449	19.31714
SRR040898	7.92682617312	0.9896455	712.589285714	19.79963
SRR040899	6.19580050743	0.9712615	458.903225806	10.56812
SRR040900	6.32044836676	0.9563665	442.238095238	11.14583
SRR040901	8.46205888049	0.995354	890.439252336	22.51037
SRR040902	7.82547152044	0.989515	832.20212766	21.8765
SRR040903	8.53378176067	0.993674	1006.32142857	24.61068
SRR040905	8.25991246962	0.99046	978.092592593	23.22612
SRR040906	7.9772750507	0.991499	922.591397849	22.96255
SRR040907	8.5491388083	0.996054	872.206185567	21.64143
SRR040908	8.1045685106	0.99167	870.928571429	21.43252
SRR040909	7.67721381448	0.9890305	865.076923077	18.87861
SRR040910	8.1390709051	0.9931435	865.78	19.11783
SRR040911	8.1239427514	0.9899725	834.777777778	18.26336
SRR040912	7.56089988374	0.9865875	641.505617978	16.33109
SRR040913	7.38121999704	0.9719655	748.740740741	20.56686
SRR040914	6.9427105133	0.970794	546.507042254	13.39174
SRR040915	5.72840685062	0.9723915	219.090909091	6.51184
SRR040916	5.87004986428	0.973904	282.555555556	9.83724
SRR040917	7.86898907422	0.9888925	811.366336634	21.78896
SRR040918	8.36089122769	0.9950215	805.84375	20.23079
SRR040920	7.78323448107	0.9900175	725.744186047	18.06552
SRR040921	7.69160395205	0.989699	623.107526882	16.38079
SRR040922	7.14659758211	0.9823175	990.086956522	23.14068
SRR040923	6.25493715454	0.962792	567.294117647	14.02326
SRR040924	8.1590454438	0.993471	756.181034483	21.0076
SRR040925	6.80312907636	0.9791265	593.75862069	14.75376
SRR040926	7.55072897739	0.989433	636.873239437	16.05535
SRR040927	8.42169775223	0.993787	1049.40909091	25.1942
SRR040928	7.69867603475	0.9893755	773.915662651	19.05678
SRR040929	7.49579554737	0.9899405	698.52173913	19.54085
SRR040930	7.86915671261	0.99	776.28	16.9419
SRR040931	8.10010255827	0.991668	780.252252252	20.00576
SRR040932	8.37305402125	0.994166	987.4	22.4185
SRR040933	7.27245620782	0.987609	551.25	18.33987
SRR040934	8.52005689737	0.9911785	1154.66666667	26.95492
SRR040935	8.39743907609	0.994332	865.888888889	21.41207
SRR040936	6.72495632832	0.964026	507.666666667	12.27894
SRR040937	7.47952207256	0.970362	659.445783133	14.58988
SRR040938	6.19737743447	0.961506	447.732142857	11.02289
SRR040939	7.56500700679	0.9893875	675.878787879	16.14847
SRR040940	7.40724576099	0.981735	744.674418605	21.84075
SRR040941	5.70074571777	0.9723945	159.0	6.25666
SRR040942	8.00508516866	0.98577	779.375	18.48703
SRR040943	7.59540726943	0.9895325	739.4	16.72958
SRR040944	7.29837594277	0.987785	575.775862069	14.75966
SRR040945	8.01822361851	0.9903815	828.461538462	21.49422
SRR040946	7.96785856854	0.98668	877.321428571	19.99159
SRR040947	2.53814388147	0.7618655	52.0	1.9672
SRR040948	7.92462363523	0.993114	824.635135135	16.55698
SRR040949	8.08565740916	0.982318	970.4375	20.1923
SRR040950	3.2788428613	0.8193905	200.12	8.48081
SRR040951	7.79984553854	0.9899175	644.32183908	15.47112
SRR040952	8.19196402667	0.9847995	753.679104478	20.59638
SRR040953	8.07278482011	0.9933355	912.337837838	18.94352
SRR040954	8.38269981017	0.99457	799.0	21.47757
SRR040955	8.47519842416	0.995108	899.924528302	23.5339
SRR040958	5.59134947862	0.9140615	294.068181818	8.67244
SRR040959	5.29740042302	0.9396605	348.230769231	9.49041
SRR040960	7.49637252031	0.983914	801.5	17.88112
SRR040961	3.16140185695	0.82195	124.0	5.12111
SRR040963	8.31813513403	0.9949185	810.270588235	21.51028
SRR040964	7.26458988139	0.983544	635.613333333	13.98962
SRR040965	8.25436122621	0.9936055	847.375	23.16862
SRR040966	7.56845807883	0.991513	520.56	12.45493
SRR040968	7.52369562303	0.989001	756.967741935	18.83052
SRR040969	8.25916505029	0.9915155	974.259541985	22.14542
SRR040970	7.98097520908	0.986236	818.1	19.26674
SRR040971	7.89998588653	0.9924145	689.247058824	16.32456
SRR040972	5.57602255062	0.934141	413.818181818	11.02996
SRR040973	7.23701497089	0.983329	729.229508197	17.40764
SRR040974	5.23470774197	0.8287305	578.817073171	14.48223
SRR040975	9.02156578746	0.996902	1432.90441176	32.06921
SRR040976	8.27192745114	0.993459	1080.92920354	28.88269
SRR040977	8.38903154137	0.994252	885.7109375	20.8982
SRR040978	7.57759121916	0.986782	781.585365854	17.86992
SRR040979	8.308518311	0.993321	1061.05217391	24.25217
SRR040980	5.42803007277	0.8991225	556.238095238	13.06064
SRR040982	6.60226355059	0.9555215	580.396226415	15.49593
SRR040983	6.91352931988	0.978604	696.428571429	16.4597
SRR040984	8.14212716782	0.991481	918.542056075	22.56275
SRR040986	7.80780647085	0.991957	741.168674699	17.76133
SRR040987	5.81534115207	0.9727855	227.5	7.3312
SRR040988	6.57384492547	0.9803315	382.8	9.9141
SRR040989	8.29910586754	0.994378	870.90625	17.78379
SRR040990	7.9630822498	0.9886515	812.471153846	21.18945
SRR040991	6.51870849828	0.9781165	399.125	11.14914
SRR040992	8.50255184957	0.9958275	937.565217391	18.59749
SRR040993	7.19809452326	0.976902	619.0	15.80655
SRR040994	8.46851833652	0.995105	1135.23913043	28.33524
SRR040995	6.96828776899	0.9833915	495.153846154	13.2553
SRR040996	7.71036559596	0.9915045	633.345679012	16.38531
SRR040997	8.00489213625	0.984668	942.431034483	23.27989
SRR040998	8.00388409769	0.99312	793.83908046	17.56174
SRR040999	7.8108686527	0.9897975	785.41	19.26443
SRR046948	6.06384500897	0.9640005	272.447368421	9.43216